0,273
0,270
57,1
57,3
56,1
56,11
56,3
55,1
55,3
71,49
71,48
71,47
71,46
71,45
71,44
71,43
71,42
71,41
71,40
71,39
71,38
71,37
71,36
71,35
10,114
10,244
10,230
10,308
10,182
10,88
10,270
10,144
11,23
11,6
11,10
11,26
11,12
11,21
9,4
9,6
8,10
8,15
8,4
8,11
8,5
69,10
69,9
69,8
69,7
69,6
69,5
69,4
69,3
69,2
69,1
69,0
68,6
68,5
68,4
68,3
68,2
68,1
68,0
67,5
67,4
67,3
67,2
67,1
67,0
66,4
66,3
66,2
66,1
66,0
65,5
65,4
65,3
65,2
65,1
65,0
63,4
63,3
63,2
63,1
63,0
62,3
62,2
62,1
62,0
61,5
61,4
61,3
61,2
61,1
61,0
60,4
60,3
60,2
60,1
60,0
59,3
59,2
59,1
59,0
58,4
58,1
58,3
20,3
20,2
20,1
19,3
19,2
19,1
18,3
18,1
14,1
14,3
13,3
13,1
